23
sprite 0.2251129 -1.492157 0 0 0 0.7512591 0.07579154
sprite 1.814117 -1.374176 0 0 347 0.1325876 0.07878327
sprite 1.044113 -3.300171 0 0 0 0.371785 0.06912962
sprite 1.724113 -3.174164 0 0 347 0.1092946 0.08471531
sprite 0.1501083 -3.029327 0 0 0 0.04197668 0.2225387
sprite 0.3301086 -2.669342 0 0 0 0.04420339 0.2628946
sprite -0.09228516 -4.336761 0 0 0 0.06781072 0.04062455
sprite -0.3223953 -4.715363 0 0 0 0.06781 0.04062
sprite -0.5353928 -5.077362 0 0 0 0.06781 0.04062
sprite -0.7828979 -5.353363 0 0 0 0.06781 0.04062
sprite 0.07961273 -4.03537 0 0 0 0.06781 0.04062
sprite 1.78093 -4.119965 0 0 0 0.04197668 0.2225387
sprite 1.960938 -3.885986 0 0 0 0.04420339 0.2628946
sprite 1.538528 -4.969788 0 0 0 0.06781072 0.04062455
sprite 1.308426 -5.215881 0 0 0 0.06781 0.04062
sprite 1.095428 -5.451202 0 0 0 0.06781 0.04062
sprite 0.8479309 -5.630585 0 0 0 0.06781 0.04062
sprite 1.710434 -4.773895 0 0 0 0.06781 0.04062
sprite 0.2381134 -2.13916 0 0 0 0.09565642 0.2234119
sprite 0.5841141 -5.394165 0 0 330 0.1393447 0.08472
sprite 0.4941101 -5.124176 0 0 30.00001 0.1593529 0.05211993
sprite -1.095886 -5.464172 0 0 0 0.13934 0.08472
sprite -1.405884 -5.654175 0 0 0 0.16679 0.08472
