18
sprite 0.2241135 -0.8781738 0 0 0 0.6796998 0.07581405
sprite 1.774117 -0.8241577 0 0 315 0.1325876 0.08362073
sprite 0.3091125 -2.154175 0 0 0 0.52197 0.07409567
sprite 1.504112 -2.067169 0 0 315 0.09370001 0.06274293
sprite -0.8358841 -3.324158 0 0 90 0.5219706 0.07410009
sprite 1.42411 -3.364166 0 0 90 0.521971 0.07410011
sprite 0.2941132 -4.374176 0 0 0 0.52197 0.0741
sprite 0.2641144 -3.174164 0 0 0 0.52197 0.0741
sprite -0.8458862 -4.664154 0 0 315 0.09370001 0.06274
sprite 0.1079004 -1.462684 0 0 330 0.08307189 0.2478686
sprite -0.1925796 -1.981345 0 0 15.11191 0.06095272 0.07050861
sprite -0.2949319 -1.980417 0 0 330 0.04830445 0.07695001
sprite -0.3847872 -2.141155 0 0 15 0.03737528 0.03901719
sprite -0.4568579 -2.148386 0 0 330 0.02585418 0.04244949
sprite -0.5067108 -2.230224 0 0 15 0.01990547 0.02261577
sprite -0.5297335 -2.216108 0 0 330 0.01531249 0.03264793
sprite -0.570668 -2.286413 0 0 15 0.01143021 0.01097751
sprite -0.5693781 -2.239776 0 0 330 0.006809049 0.03142755
