45
sprite 0.624115 -2.464172 0 0 60 0.8903875 0.1103002
sprite 1.804115 -0.4741821 0 0 0 0.2203795 0.09095547
sprite -0.375885 -4.314178 0 0 0 0.23773 0.09387
sprite 0.4041138 -2.324158 0 0 60 0.89039 0.1103
sprite 1.004112 -2.434174 0 0 60 0.89039 0.1103
sprite -0.7520523 -1.462006 0 0 0 0.196383 0.2043158
sprite -0.7520523 -1.462006 0 0 5.000001 0.19638 0.20432
sprite -0.7520523 -1.462006 0 0 10 0.19638 0.20432
sprite -0.7520523 -1.462006 0 0 15 0.19638 0.20432
sprite -0.7520523 -1.462006 0 0 20 0.19638 0.20432
sprite -0.7520523 -1.462006 0 0 25 0.19638 0.20432
sprite -0.7520523 -1.462006 0 0 30.00001 0.19638 0.20432
sprite -0.7520523 -1.462006 0 0 34.99999 0.19638 0.20432
sprite -0.7520523 -1.462006 0 0 40 0.19638 0.20432
sprite -0.7520523 -1.462006 0 0 45 0.19638 0.20432
sprite -0.7520523 -1.462006 0 0 50 0.19638 0.2043201
sprite -0.7520523 -1.462006 0 0 55 0.1963801 0.2043201
sprite -0.7520523 -1.462006 0 0 55 0.1963801 0.2043201
sprite -0.7520523 -1.462006 0 0 60 0.19638 0.2043201
sprite -0.7520523 -1.462006 0 0 65 0.19638 0.20432
sprite -0.7520523 -1.462006 0 0 69.99999 0.1963801 0.2043201
sprite -0.7520523 -1.462006 0 0 74.99999 0.19638 0.20432
sprite -0.7520523 -1.462006 0 0 79.99999 0.19638 0.20432
sprite -0.7520523 -1.462006 0 0 84.99999 0.19638 0.2043201
sprite -0.7520523 -1.462006 0 0 90 0.1963801 0.2043201
sprite 1.769264 -3.517426 0 0 0 0.196383 0.2043158
sprite 1.769264 -3.517426 0 0 5.000001 0.19638 0.20432
sprite 1.769264 -3.517426 0 0 10 0.19638 0.20432
sprite 1.769264 -3.517426 0 0 15 0.19638 0.20432
sprite 1.769264 -3.517426 0 0 20 0.19638 0.20432
sprite 1.769264 -3.517426 0 0 25 0.19638 0.20432
sprite 1.769264 -3.517426 0 0 30.00001 0.19638 0.20432
sprite 1.769264 -3.517426 0 0 34.99999 0.19638 0.20432
sprite 1.769264 -3.517426 0 0 40 0.19638 0.20432
sprite 1.769264 -3.517426 0 0 45 0.19638 0.20432
sprite 1.769264 -3.517426 0 0 50 0.19638 0.2043201
sprite 1.769264 -3.517426 0 0 55 0.1963801 0.2043201
sprite 1.769264 -3.517426 0 0 55 0.1963801 0.2043201
sprite 1.769264 -3.517426 0 0 60 0.19638 0.2043201
sprite 1.769264 -3.517426 0 0 65 0.19638 0.20432
sprite 1.769264 -3.517426 0 0 69.99999 0.1963801 0.2043201
sprite 1.769264 -3.517426 0 0 74.99999 0.19638 0.20432
sprite 1.769264 -3.517426 0 0 79.99999 0.19638 0.20432
sprite 1.769264 -3.517426 0 0 84.99999 0.19638 0.2043201
sprite 1.769264 -3.517426 0 0 90 0.1963801 0.2043201
