13
sprite -0.07188416 -0.6151733 0 0 0 0.1100979 0.1646465
sprite 0.3411102 -4.355164 0 0 90 0.102486 0.2146173
sprite 0.3021164 -0.1111755 0 0 90 0.1051309 0.2149652
sprite 0.9041138 0.1558228 0 0 90 0.1051301 0.2149701
sprite 1.564117 0.4858398 0 0 90 0.1051301 0.2149701
sprite 1.004112 -4.634155 0 0 90 0.1024901 0.2146201
sprite 1.634117 -4.894165 0 0 90 0.1024901 0.2146201
sprite -0.3538895 -1.044159 0 0 0 0.1102066 0.1773476
sprite -0.6058884 -1.594177 0 0 0 0.08962127 0.2391797
sprite -0.7438889 -2.268158 0 0 0 0.09737649 0.2800065
sprite -0.005889893 -3.944153 0 0 0 0.1101 0.16465
sprite -0.2558899 -3.474182 0 0 0 0.11021 0.17735
sprite -0.6058884 -2.974182 0 0 0 0.08961999 0.23918
