15
sprite -0.04888916 -2.414154 0 0 0 0.04197668 0.2225387
sprite 0.07111359 -2.234161 0 0 0 0.04420339 0.2628946
sprite -0.2104874 -3.067871 0 0 0 0.06781072 0.04062455
sprite -0.3638916 -3.257172 0 0 0 0.06781 0.04062
sprite -0.5058899 -3.438171 0 0 0 0.06781 0.04062
sprite -0.6708908 -3.576172 0 0 0 0.06781 0.04062
sprite -0.09588623 -2.917175 0 0 0 0.06781 0.04062
sprite 0.4941101 -1.174164 0 0 0 0.2753951 0.0634513
sprite 1.057114 -1.861542 0 0 0 0.04197668 0.2225387
sprite 0.9371109 -1.681549 0 0 0 0.04420339 0.2628946
sprite 1.218712 -2.515259 0 0 0 0.06781072 0.04062455
sprite 1.372116 -2.704559 0 0 0 0.06781 0.04062
sprite 1.514114 -2.885559 0 0 0 0.06781 0.04062
sprite 1.679115 -3.02356 0 0 0 0.06781 0.04062
sprite 1.104111 -2.364563 0 0 0 0.06781 0.04062
