3
sprite -0.8258896 -2.26416 0 0 90 1 0.13
sprite 0.08611298 -2.000153 0 0 0 0.3 0.1300001
sprite 1.357315 -2.336151 0 0 320 0.2 0.13
sprite 1.738113 -3.148163 0 0 90 0.2000001 0.1300001
sprite 1.348915 -3.954559 0 0 40 0.2000001 0.1300001
sprite 0.03430939 -4.291962 0 0 0 0.3 0.13
sprite 0.1741104 -0.08416748 0 0 0 0.3 0.1300001
sprite 1.082115 -0.3241577 0 0 320 0.2 0.13
sprite 1.354111 -0.9041443 0 0 90 0.2000001 0.1300001
sprite 1.076111 -1.480164 0 0 40 0.2000001 0.1300001
sprite 0.1371078 -1.721161 0 0 0 0.3 0.13
