5
sprite 0.1441116 -2.694153 0 0 0 0.6796998 0.07581405
sprite 1.554115 -2.584167 0 0 347 0.1325876 0.08362073
sprite 0.124115 -3.154175 0 0 90 0.6797 0.07581
sprite 0.1441116 -1.494171 0 0 13 0.6797 0.07581
sprite 0.1131134 -1.364166 0 0 0 0.1850483 0.06891129
sprite 0.1441116 -2.694153 0 0 0 0.6796998 0.07581405
sprite 1.554115 -2.584167 0 0 347 0.1325876 0.08362073
sprite 0.124115 -3.154175 0 0 90 0.6797 0.07581
sprite 0.1441116 -1.494171 0 0 13 0.6797 0.07581
sprite 0.1131134 -1.364166 0 0 0 0.1850483 0.06891129
