11
sprite 0.5741119 -1.744171 0 0 0 0.4368669 0.09017008
sprite 0.8541107 -2.624176 0 0 90 0.4315952 0.08634778
sprite 1.150116 -3.498169 0 0 0 0.1916305 0.08185983
sprite 1.54911 -3.339172 0 0 90 0.06496257 0.03208912
sprite 0.1761169 -2.436859 0 0 90 0.2293808 0.04153391
sprite 0.3021164 -2.28717 0 0 90 0.2293801 0.04153001
sprite 0.02251434 -3.067871 0 0 0 0.06781072 0.04062455
sprite -0.1308899 -3.257172 0 0 0 0.06781 0.04062
sprite -0.2728882 -3.438171 0 0 0 0.06781 0.04062
sprite -0.4378891 -3.576172 0 0 0 0.06781 0.04062
sprite 0.1371155 -2.917175 0 0 0 0.06781 0.04062
