19
sprite -0.05753326 -2.435272 0 0 347 0.04197668 0.2225387
sprite 0.09988403 -2.286896 0 0 347 0.04420339 0.2628946
sprite -0.3620453 -3.035889 0 0 347 0.06781072 0.04062455
sprite -0.5541 -3.185822 0 0 347 0.06781 0.04062
sprite -0.7331772 -3.330231 0 0 347 0.06781 0.04062
sprite -0.9249878 -3.427582 0 0 347 0.06781 0.04062
sprite -0.2164841 -2.914825 0 0 347 0.06781 0.04062
sprite 0.4741135 -0.9641724 0 0 0 0.6997908 0.07951856
sprite 0.4541168 -0.6041565 0 0 0 0.08817354 0.09097088
sprite 0.5741119 -0.3241577 0 0 0 0.07668868 0.07495928
sprite 1.944115 -0.8441772 0 0 347 0.1110471 0.07496
sprite 0.9541168 -1.844177 0 0 0 0.06815541 0.07950778
sprite 1.114113 -2.074158 0 0 0 0.06816 0.07951
sprite 1.274117 -2.294159 0 0 0 0.06816 0.07951
sprite 1.394112 -2.544159 0 0 0 0.06816 0.07951
sprite 1.554115 -2.724182 0 0 0 0.07681631 0.08817659
sprite 1.669113 -2.882172 0 0 0 0.07897096 0.103347
sprite 1.824112 -3.124176 0 0 0 0.07897 0.10335
sprite 1.894112 -3.364166 0 0 0 0.08978888 0.1142017
